{"focal": 850, "frames": [{"file_path": "./render/000.png", "transform_matrix": [[0.0, 0.0, -1.0, 4.0], [-0.0, 1.0, 0.0, 0.8], [1.0, 0.0, 0.0, 0.35], [0.0, 0.0, 0.0, 1.0]]}, {"file_path": "./render/012.png", "transform_matrix": [[-0.20791169081775931, 0.0, -0.9781476007338057, 3.9125904029352228], [0.0, 1.0000000000000002, 0.0, 0.8], [0.9781476007338057, 0.0, -0.20791169081775931, 1.1816467632710372], [0.0, 0.0, 0.0, 1.0]]}, {"file_path": "./render/024.png", "transform_matrix": [[-0.4067366430758002, 0.0, -0.913545457642601, 3.6541818305704035], [0.0, 1.0, 0.0, 0.8], [0.913545457642601, 0.0, -0.4067366430758002, 1.9769465723032007], [0.0, 0.0, 0.0, 1.0]]}, {"file_path": "./render/036.png", "transform_matrix": [[-0.5877852522924731, 0.0, -0.8090169943749475, 3.23606797749979], [0.0, 1.0, 0.0, 0.8], [0.8090169943749475, 0.0, -0.5877852522924731, 2.7011410091698926], [0.0, 0.0, 0.0, 1.0]]}, {"file_path": "./render/048.png", "transform_matrix": [[-0.7431448254773942, 0.0, -0.6691306063588583, 2.676522425435433], [0.0, 1.0000000000000002, 0.0, 0.8], [0.6691306063588583, 0.0, -0.7431448254773942, 3.3225793019095766], [0.0, 0.0, 0.0, 1.0]]}, {"file_path": "./render/060.png", "transform_matrix": [[-0.8660254037844386, 0.0, -0.5000000000000001, 2.0000000000000004], [0.0, 1.0, 0.0, 0.8], [0.5000000000000001, 0.0, -0.8660254037844386, 3.8141016151377545], [0.0, 0.0, 0.0, 1.0]]}, {"file_path": "./render/072.png", "transform_matrix": [[-0.9510565162951536, 0.0, -0.3090169943749475, 1.2360679774997898], [0.0, 1.0000000000000002, 0.0, 0.8], [0.3090169943749475, 0.0, -0.9510565162951536, 4.154226065180614], [0.0, 0.0, 0.0, 1.0]]}, {"file_path": "./render/084.png", "transform_matrix": [[-0.9945218953682734, 0.0, -0.10452846326765348, 0.41811385307061383], [0.0, 1.0000000000000002, 0.0, 0.8], [0.10452846326765348, 0.0, -0.9945218953682734, 4.328087581473093], [0.0, 0.0, 0.0, 1.0]]}, {"file_path": "./render/096.png", "transform_matrix": [[-0.9945218953682734, 0.0, 0.10452846326765333, -0.41811385307061333], [0.0, 1.0, 0.0, 0.8], [-0.10452846326765333, 0.0, -0.9945218953682734, 4.328087581473094], [0.0, 0.0, 0.0, 1.0]]}, {"file_path": "./render/108.png", "transform_matrix": [[-0.9510565162951536, 0.0, 0.3090169943749474, -1.2360679774997894], [0.0, 1.0, 0.0, 0.8], [-0.3090169943749474, 0.0, -0.9510565162951536, 4.154226065180614], [0.0, 0.0, 0.0, 1.0]]}, {"file_path": "./render/120.png", "transform_matrix": [[-0.8660254037844388, 0.0, 0.49999999999999983, -1.9999999999999991], [0.0, 1.0000000000000002, 0.0, 0.8], [-0.49999999999999983, 0.0, -0.8660254037844388, 3.814101615137755], [0.0, 0.0, 0.0, 1.0]]}, {"file_path": "./render/132.png", "transform_matrix": [[-0.7431448254773945, 0.0, 0.6691306063588579, -2.6765224254354316], [0.0, 1.0, 0.0, 0.8], [-0.6691306063588579, 0.0, -0.7431448254773945, 3.322579301909578], [0.0, 0.0, 0.0, 1.0]]}, {"file_path": "./render/144.png", "transform_matrix": [[-0.5877852522924732, 0.0, 0.8090169943749473, -3.2360679774997894], [0.0, 1.0, 0.0, 0.8], [-0.8090169943749473, 0.0, -0.5877852522924732, 2.701141009169893], [0.0, 0.0, 0.0, 1.0]]}, {"file_path": "./render/156.png", "transform_matrix": [[-0.40673664307580004, 0.0, 0.913545457642601, -3.654181830570404], [0.0, 1.0, 0.0, 0.8], [-0.913545457642601, 0.0, -0.40673664307580004, 1.9769465723032003], [0.0, 0.0, 0.0, 1.0]]}, {"file_path": "./render/168.png", "transform_matrix": [[-0.20791169081775931, 0.0, 0.9781476007338057, -3.9125904029352228], [0.0, 1.0000000000000002, 0.0, 0.8], [-0.9781476007338057, 0.0, -0.20791169081775931, 1.1816467632710372], [0.0, 0.0, 0.0, 1.0]]}, {"file_path": "./render/180.png", "transform_matrix": [[-1.249000902703301e-16, 0.0, 1.0, -4.0], [0.0, 1.0, 0.0, 0.8], [-1.0, 0.0, -1.249000902703301e-16, 0.3500000000000005], [0.0, 0.0, 0.0, 1.0]]}, {"file_path": "./render/192.png", "transform_matrix": [[0.20791169081775907, -0.0, 0.9781476007338057, -3.9125904029352228], [0.0, 1.0, 0.0, 0.8], [-0.9781476007338057, 0.0, 0.20791169081775907, -0.4816467632710363], [0.0, 0.0, 0.0, 1.0]]}, {"file_path": "./render/204.png", "transform_matrix": [[0.4067366430757998, -0.0, 0.9135454576426011, -3.6541818305704044], [0.0, 1.0, 0.0, 0.8], [-0.9135454576426011, 0.0, 0.4067366430757998, -1.2769465723031992], [0.0, 0.0, 0.0, 1.0]]}, {"file_path": "./render/216.png", "transform_matrix": [[0.587785252292473, -0.0, 0.8090169943749476, -3.2360679774997902], [0.0, 1.0, 0.0, 0.8], [-0.8090169943749476, 0.0, 0.587785252292473, -2.001141009169892], [0.0, 0.0, 0.0, 1.0]]}, {"file_path": "./render/228.png", "transform_matrix": [[0.743144825477394, -0.0, 0.6691306063588585, -2.676522425435434], [0.0, 1.0, 0.0, 0.8], [-0.6691306063588585, 0.0, 0.743144825477394, -2.622579301909576], [0.0, 0.0, 0.0, 1.0]]}, {"file_path": "./render/240.png", "transform_matrix": [[0.8660254037844384, -0.0, 0.5000000000000004, -2.0000000000000018], [0.0, 1.0, 0.0, 0.8], [-0.5000000000000004, 0.0, 0.8660254037844384, -3.1141016151377534], [0.0, 0.0, 0.0, 1.0]]}, {"file_path": "./render/252.png", "transform_matrix": [[0.9510565162951535, -0.0, 0.30901699437494756, -1.2360679774997902], [0.0, 1.0, 0.0, 0.8], [-0.30901699437494756, 0.0, 0.9510565162951535, -3.454226065180614], [0.0, 0.0, 0.0, 1.0]]}, {"file_path": "./render/264.png", "transform_matrix": [[0.9945218953682733, -0.0, 0.10452846326765423, -0.41811385307061694], [0.0, 1.0, 0.0, 0.8], [-0.10452846326765423, 0.0, 0.9945218953682733, -3.628087581473093], [0.0, 0.0, 0.0, 1.0]]}, {"file_path": "./render/276.png", "transform_matrix": [[0.9945218953682733, 0.0, -0.10452846326765387, 0.4181138530706155], [-0.0, 1.0, 0.0, 0.8], [0.10452846326765387, 0.0, 0.9945218953682733, -3.628087581473093], [0.0, 0.0, 0.0, 1.0]]}, {"file_path": "./render/288.png", "transform_matrix": [[0.9510565162951536, 0.0, -0.30901699437494723, 1.236067977499789], [-0.0, 1.0, 0.0, 0.8], [0.30901699437494723, 0.0, 0.9510565162951536, -3.4542260651806145], [0.0, 0.0, 0.0, 1.0]]}, {"file_path": "./render/300.png", "transform_matrix": [[0.8660254037844386, 0.0, -0.5000000000000001, 2.0000000000000004], [-0.0, 1.0, 0.0, 0.8], [0.5000000000000001, 0.0, 0.8660254037844386, -3.1141016151377543], [0.0, 0.0, 0.0, 1.0]]}, {"file_path": "./render/312.png", "transform_matrix": [[0.743144825477394, 0.0, -0.6691306063588585, 2.676522425435434], [-0.0, 1.0, 0.0, 0.8], [0.6691306063588585, 0.0, 0.743144825477394, -2.622579301909576], [0.0, 0.0, 0.0, 1.0]]}, {"file_path": "./render/324.png", "transform_matrix": [[0.5877852522924734, 0.0, -0.8090169943749473, 3.2360679774997894], [-0.0, 1.0000000000000002, 0.0, 0.8], [0.8090169943749473, 0.0, 0.5877852522924734, -2.0011410091698933], [0.0, 0.0, 0.0, 1.0]]}, {"file_path": "./render/336.png", "transform_matrix": [[0.40673664307580015, 0.0, -0.913545457642601, 3.654181830570404], [-0.0, 1.0, 0.0, 0.8], [0.913545457642601, 0.0, 0.40673664307580015, -1.2769465723032005], [0.0, 0.0, 0.0, 1.0]]}, {"file_path": "./render/348.png", "transform_matrix": [[0.20791169081775987, 0.0, -0.9781476007338056, 3.9125904029352223], [-0.0, 1.0000000000000002, 0.0, 0.8], [0.9781476007338056, 0.0, 0.20791169081775987, -0.4816467632710395], [0.0, 0.0, 0.0, 1.0]]}]}